-30.88938 -58.22155
-3.41204 4.18374
49.33539 4.09220
70.72128 -30.70484
74.45611 -5.89420
49.06295 -2.85235
-46.47826 -63.88133
40.94630 72.29850
12.82165 97.19549
24.86638 98.54866
-64.94778 -81.77376
-23.79694 -56.63535
79.95824 -27.27682
7.62484 -51.19460
84.49874 -32.81820
14.85738 88.60668
-19.36350 -54.75483
-34.07103 -53.85881
-14.68780 75.47062
-125.42992 68.90067
67.19598 -70.53620
9.08707 -47.00463
-22.63009 -15.99083
42.40775 92.34589
28.28174 42.32779
45.53507 15.61990
2.56006 -4.92531
-90.46419 -96.10545
-88.60260 -82.91448
52.48573 -35.85826
-33.96558 -38.76539
42.87844 105.10061
66.23968 45.57181
-72.50589 57.23863
33.71253 95.87924
54.68131 -15.51039
-8.55716 72.87160
89.81427 -58.78509
-102.92288 52.48708
60.09693 -67.70012
70.52584 -21.36094
-100.93780 83.54566
-126.00572 71.50431
11.86881 99.59088
-67.39198 -91.95262
40.15719 100.48186
-9.81009 -11.96788
85.84081 -57.65723
86.45705 -31.43787
81.08447 -24.80805
0.54733 93.08383
-28.18066 -53.07801
-130.50100 66.37279
24.52843 28.16339
-13.58056 -30.73162
44.66329 78.87936
11.34259 -4.93335
-17.28597 9.13901
74.66822 4.48439
-51.20262 25.13169
-25.13181 -22.18655
39.09967 -43.78525
66.33405 87.07600
-114.53842 -64.24701
-17.94598 6.06333
24.20494 -58.18287
-46.13091 42.60274
-7.33727 10.80496
-25.84931 92.07508
-111.37214 -45.29426
61.42795 37.00978
-124.41883 71.58167
81.94150 -67.45818
-95.70408 20.59517
44.99366 98.03345
-55.81858 -76.87288
34.77249 -8.88913
-24.87020 -62.06183
-99.68952 32.69920
-12.74634 31.17565
-15.47523 107.36329
73.79688 -38.50508
-2.87664 101.57494
33.70369 96.80421
52.96816 72.70916
-31.90884 -38.45956
-8.10941 -11.61336
-79.57721 -84.14148
26.86438 83.06647
78.78873 3.81629
78.52622 0.00267
-101.76327 4.69367
80.79982 -24.01427
-38.45315 87.19669
-114.75096 91.16637
-14.51310 -54.26169
-127.84179 53.62107
35.16637 -48.63571
71.34245 -9.58155
5.05534 -88.04294
75.83339 -53.17332
71.05893 -20.09984
-3.73616 -51.72098
11.26098 75.55470
93.17695 -55.70797
-108.68076 -97.76464
51.56990 -20.84392
-27.21530 -62.48244
-4.60383 72.47877
-75.59836 -89.63081
-115.51240 -87.05057
41.89642 59.17011
34.74692 92.34516
80.69753 -16.02526
-23.34068 56.25022
-33.88148 67.19100
-14.49080 -67.08513
-19.42692 90.97953
27.77286 101.47514
-14.11528 1.62817
24.70336 96.52885
-10.92723 -41.76932
87.84386 -10.92149
-52.49453 87.54558
-21.55210 -33.10282
-115.66755 -39.80523
-114.30836 86.78772
64.04943 -22.00778
80.49622 -53.68467
47.69963 -70.68003
-40.74041 -62.31821
40.64053 -31.67142
30.83354 -58.81244
77.40882 -35.17932
14.86170 24.35622
13.57982 -18.91238
-41.02040 -19.69659
13.08324 -26.65450
-96.47907 -88.22943
75.31074 -27.36477
18.89291 92.51457
42.86418 81.24474
4.61340 93.90032
59.13423 64.90780
-114.63448 -68.90033
71.18414 -19.58160
86.44642 -18.60430
83.54636 -31.41317
-36.47888 66.55118
-16.44393 -49.38814
36.45211 -67.39879
-28.70903 -52.39058
-9.91433 -62.44687
91.55034 -56.08229
-51.06998 91.41200
-31.83518 -60.53040
-14.71186 -31.59072
79.80762 -26.41245
-108.49387 -53.84239
27.05592 99.84099
-102.38896 -97.65484
56.43471 17.14674
75.94634 11.83075
63.33564 -22.23510
70.81474 -66.06022
86.45685 15.99149
-6.75180 81.21434
74.94198 -29.18861
-56.96905 -81.04789
63.31294 -78.46612
4.32531 -20.10529
-103.65888 -86.99054
-109.27729 -48.52353
71.47814 -34.75603
51.43193 58.33354
-16.24204 34.35995
-1.71743 -46.45187
-113.06343 -69.27360
27.29180 -33.53547
69.93507 2.45522
-111.73637 -62.42359
-85.01444 56.72441
39.77522 75.49945
72.43755 -28.15600
-14.06068 73.43992
74.31729 -33.43838
-72.96237 -94.67517
-125.29335 68.59476
-118.38344 67.85715
-6.61791 8.80882
-121.70729 68.55463
-95.77174 -97.70490
9.66202 81.32339
82.00313 -5.46354
-16.32246 -37.39187
75.20635 -56.80536
86.63290 9.33057
75.71926 -34.23099
66.74101 -34.17413
10.85009 92.74784
-104.71690 -80.30394
-93.93230 -89.31788
-44.20761 -55.10748
-53.52532 -70.93867
55.90381 97.69869
71.48053 -37.38396
-54.21430 -83.42681
79.17720 -0.41543
26.88697 -52.43078
52.33173 -32.04506
-99.73597 23.25618
36.25745 99.22142
42.08318 44.40886
2.39686 98.94876
21.84470 108.24206
61.94953 -72.37490
6.34884 101.57784
65.75384 -87.82287
-10.32313 -60.03002
70.78955 54.06128
-29.00071 -40.34519
8.64214 -30.95926
81.79278 5.06913
-19.04313 -43.15142
70.13913 -25.55171
-37.69404 -28.31640
67.36026 -41.54390
-34.88485 67.96289
-13.77713 -7.68860
-78.68708 -36.22590
48.55651 -98.09664
-98.96370 -87.73794
71.67964 -27.39407
33.45340 57.09620
-107.74205 -71.43896
47.20311 -58.95567
5.57291 100.38456
70.56283 -42.67908
75.94835 -43.75964
35.48247 -69.13468
-81.26088 -52.09665
27.31559 88.97489
76.36685 21.88786
-116.91305 48.58269
-107.38804 79.36394
-73.98130 -48.34745
62.19539 -39.01630
-50.56608 91.26517
-116.38220 67.38360
14.94325 -80.26881
-91.11006 27.86975
0.16531 -58.18581
-14.48476 72.22711
41.88047 74.99080
-21.30716 -40.40536
-14.54050 -50.97501
51.23894 34.08740
77.18872 -13.45510
29.89930 102.97366
-15.54850 -61.15293
55.84751 14.58814
-108.98415 -83.76646
-85.39271 -64.66478
31.99238 69.02476
-23.77349 -42.56092
74.02194 -13.66562
-120.73077 76.53750
28.40121 -47.35802
-1.27421 92.71104
13.04272 24.70683
-107.24800 -88.93224
-108.28957 -56.99482
51.81172 48.29481
-66.08940 -19.11810
69.65096 -5.47150
-98.82375 10.29917
-13.34496 -22.22570
78.97966 -15.78401
44.92704 -79.66415
-1.99567 102.20858
-4.89141 -34.72789
-132.01753 67.24273
-0.91563 -38.21521
-73.06613 29.20828
39.33724 -40.19563
24.80777 78.82883
-4.79313 104.17068
-73.85675 62.54622
31.24740 -42.78734
-13.09588 -28.88781
-73.58256 41.30586
58.70960 -14.34234
-132.14344 54.47383
81.58447 -71.92890
65.54100 57.03658
43.83039 91.38465
64.65064 24.63237
23.31621 91.24168
-2.04091 43.96460
-108.25966 -85.02536
64.75098 -38.08663
2.80812 -33.17573
-26.08120 93.15087
-12.79115 -51.88598
20.86094 -7.64166
38.80852 -31.64833
-78.64851 -80.36383
72.69382 40.62236
-23.61192 -29.02039
-124.51264 -20.07414
7.92271 86.98025
22.82255 101.97700
7.08040 -10.22953
3.94505 110.61133
-120.24561 83.40101
29.26265 88.71097
-7.36365 89.28661
47.18709 -37.02725
31.27729 -60.87592
67.23290 -30.63719
27.45372 46.28018
-127.04994 77.63172
62.64241 42.53721
18.56157 65.67141
79.80655 -52.86752
-90.35961 63.00650
82.77341 -28.66018
-110.10692 97.99418
57.35419 -19.21254
70.24526 -18.67061
26.91995 85.67595
-113.29320 -93.14032
27.25035 99.85032
72.58874 -9.59809
39.44784 -66.05504
-95.85379 42.03066
45.86385 -80.76299
-118.35443 61.48966
-9.62145 -39.61412
59.47106 81.20470
-111.16364 -74.95306
63.22342 -44.98755
24.16332 74.52216
14.84713 35.34456
-31.32108 -41.57501
14.40223 91.15873
-15.34882 106.88553
-140.98845 52.69414
53.39106 -34.45772
77.85306 -3.17461
-35.12857 -37.26914
-2.41897 -41.02382
8.13153 -63.79139
46.95005 6.13482
6.15681 27.36286
-29.27573 42.32423
-8.51890 -13.56589
91.70343 -18.63511
-106.60764 -39.49177
-28.19508 -46.81211
61.64040 69.91520
-101.08286 -76.01673
-101.98757 -22.89315
94.35870 -51.00746
80.28322 -30.46492
-4.95606 87.47450
-64.74818 58.17440
0.24385 -10.31754
-129.36468 66.67592
-12.42196 -40.58018
67.57390 -36.50434
-14.87570 -36.98503
-5.19784 87.06697
47.04930 100.51094
68.84379 -51.49202
-65.10723 -65.61678
-111.83875 75.97541
18.79555 106.45671
33.51074 -33.10811
-13.61269 -61.94130
59.75590 -24.52604
49.44935 70.72478
47.73625 99.53605
-120.55512 68.48316
-1.70755 -49.19787
-13.30410 91.30604
-75.04232 -84.71230
82.99934 -6.84573
53.49301 18.85264
-112.80676 -55.51190
50.11137 -18.07521
69.52521 -44.85279
-13.71864 20.73974
36.59755 55.31977
26.99088 95.23308
68.63506 -26.52167
16.12781 -53.10212
-119.66847 -86.61509
87.11744 -25.06591
35.12018 10.71964
-8.41953 -63.77781
-115.50566 12.01510
-106.40690 -81.83011
65.70819 -19.71716
-90.64202 -91.89932
-4.68871 99.05081
56.42724 -19.26612
68.89280 -78.21858
-120.76874 45.50955
-25.57914 -14.80899
57.79214 -27.35621
-123.65481 76.06704
-86.90450 -0.75145
47.73530 93.52167
64.89151 -31.79152
2.39286 57.71279
0.43550 -74.72860
61.75641 -21.72054
62.08168 -60.37360
56.33721 -22.93689
68.63456 -23.90454
42.30696 -31.09826
26.78153 9.15592
86.15302 -19.53430
5.28377 87.34099
38.53168 -4.10283
-29.16692 -28.51138
-66.97110 24.94147
1.03106 77.50894
-65.12286 -81.31340
79.59125 7.59814
79.42613 -33.87693
-105.85907 -11.48604
21.90161 72.52869
-117.69001 -68.54002
-43.58502 -75.63645
-15.59543 15.71539
-33.38193 -38.76038
-29.11722 94.83808
60.28111 -28.81574
78.43552 -30.01439
-18.00193 -48.47791
-103.78780 -8.15659
-103.39509 -86.11337
63.59687 -77.23942
-17.56030 -42.42032
78.57368 -62.35266
73.87147 -12.48887
-27.09692 -13.75821
-66.67351 13.53329
24.88988 97.73083
53.18219 -62.04157
-131.04496 63.43598
-76.27613 47.89014
-18.13695 -67.79868
-21.34056 -42.45422
67.91337 16.74804
-12.54816 -24.56682
-6.85923 -37.67574
-113.09619 -58.49001
14.28507 77.21357
-49.80838 47.78821
-78.62379 -25.86065
-71.07331 5.06858
86.61072 -14.56241
3.34452 -64.91918
-100.49956 -63.87352
-19.78952 -37.69610
68.53302 -31.75797
38.20940 -78.64114
-13.13347 97.03812
-95.63102 -31.26461
-24.80704 -56.67841
-40.40748 -42.98110
67.15291 -38.93387
33.25514 -44.98546
78.61303 -26.02989
-1.82395 -47.44466
73.84048 -41.86465
58.13463 -37.55015
25.39642 91.66909
-51.95961 -58.79294
80.51702 -19.21212
-101.41960 -89.69939
97.83650 -51.13399
9.42938 -61.68336
-132.75234 56.30227
-6.17011 101.43951
-88.25140 -82.97121
0.32480 -75.39295
70.12057 5.69943
47.61218 46.59454
-54.90690 84.08530
-101.62201 -93.52998
-53.16580 22.42788
68.89541 -71.18851
32.54804 98.30256
-14.98518 106.36174
59.23189 -7.04383
56.16373 -43.61131
82.80782 -31.40142
-35.84293 76.93679
-24.30616 -27.23240
13.29247 99.17711
-96.04068 -79.90041
65.08021 -16.40678
19.43076 -52.49036
5.35176 -20.94146
81.32733 13.09628
81.38771 -59.77325
-19.17483 14.24530
-25.09886 69.76126
61.36597 -22.77472
-2.63064 -17.14371
-36.72060 89.82497
27.99014 102.62757
74.10357 -38.43293
27.63671 80.95144
25.78752 80.65566
-104.62738 -30.51997
23.20604 102.08641
-71.96916 61.16585
-88.17874 -59.48106
78.11247 -17.71445
-63.17785 6.96367
21.40060 94.23277
39.62704 -56.96829
76.20228 -17.68882
-16.89380 -23.25114
-108.40995 88.19814
45.11710 30.36058
-87.34348 19.26020
78.33608 -15.34620
42.70921 28.58327
65.45493 75.37477
84.58120 -61.38839
66.51782 -90.76762
-64.38219 -73.79358
-14.36653 92.61018
-103.39863 -23.86233
-124.98731 -0.86933
-19.72390 -55.66791
61.16746 -33.10071
-101.41412 -95.30454
-23.22522 -39.65020
77.89910 -5.55647
-7.34042 -28.16857
85.62799 -3.61461
-7.45688 -59.01946
18.54571 103.13573
4.84093 4.42221
-19.87976 -26.45938
-146.58387 41.09890
-1.09263 93.97054
-84.75491 77.64741
0.58244 -42.38909
-4.93622 -26.16438
-90.93801 -95.87194
81.08579 3.79071
82.28905 -4.83522
-100.30358 -50.33390
36.67081 94.71314
15.86286 20.05006
-3.02522 -24.29238
60.80530 -83.38755
34.06244 11.56623
-31.56770 -46.79870
71.98971 -31.87816
17.25851 102.43048
-126.54778 72.43417
-49.16927 -76.00982
11.28952 -81.18299
-22.21863 -6.00726
81.60709 -49.42384
65.71286 -77.89315
-26.84757 -55.90718
-55.92403 40.19678
62.99511 -31.35784
62.44981 -40.14896
-24.83949 -37.11858
22.20765 21.70396
-100.21499 -84.17342
-35.71875 82.42952
71.85829 17.55349
63.17391 -82.43302
-122.10447 52.14851
54.97249 -41.94782
20.60468 88.83839
-116.79999 64.49060
-103.53925 -50.70566
-10.30426 -18.13966
-110.27405 -93.54357
84.74993 -1.03272
-105.30318 66.39102
-4.03221 -69.11821
78.21795 2.59010
-17.02690 -38.91399
68.85516 -13.65637
-20.43459 -42.70390
80.29492 -25.79779
-12.17948 90.83053
27.60425 69.57602
10.03191 96.82128
-88.13298 71.91888
81.15875 -17.04575
87.79113 -27.49017
-127.27916 70.25648
-4.41735 -46.50116
57.05468 -78.01914
-30.87266 8.34855
-83.52507 -75.53846
-27.99162 -44.89282
-10.35643 -34.63544
-98.04606 -65.75215
-102.75989 -90.22733
-70.67363 -77.98461
12.92794 98.57185
-49.26762 -64.75331
-86.90692 -86.14199
33.64624 77.02572
28.63844 -44.61438
84.23949 -25.10546
-122.61073 63.60939
33.27178 59.30335
4.48440 101.74702
-26.85827 -32.59870
78.33972 -28.64791
24.05126 35.80814
6.05468 86.93221
41.67576 -79.39315
-138.28478 62.71778
-45.24125 87.58396
-10.25694 77.20300
9.13790 -21.67669
-2.66596 102.17770
-116.68097 -18.47213
13.17377 26.20522
54.65464 -6.36781
-89.77598 83.48503
78.22685 -34.99539
-110.23379 -79.14380
57.83347 -49.40563
77.64214 -49.29381
-37.13703 72.73548
-23.11896 -25.95221
-52.72836 92.18064
-64.30793 43.47322
64.87586 -17.75381
-110.36961 -1.82388
-0.82427 -51.30904
-19.17728 -49.88472
86.26319 -24.23554
24.41703 -52.29543
-18.11702 -49.27511
-51.45314 -83.76593
-99.86892 -95.43834
-14.61646 35.05398
-10.86579 -40.62711
61.89681 59.07284
-85.46422 -89.43919
-42.54733 -82.43206
-33.77034 90.05135
-0.54979 105.40797
28.85068 33.58458
91.27230 -37.81932
-102.77772 58.92773
0.23766 96.72251
63.82982 -72.21586
31.04202 61.38814
-5.88170 93.74404
24.41732 77.11651
64.67778 -0.23374
5.16137 99.76027
-42.83285 -76.77338
29.99220 33.66098
6.24191 -2.23247
31.11275 97.15123
63.36513 73.14257
59.26591 -80.59273
8.30085 103.69722
23.61983 61.01328
-47.20079 -45.56208
-94.75963 -58.27014
51.56843 95.90549
-17.43599 83.00348
-129.38133 64.17392
-55.32143 -70.04799
-118.01760 -22.65641
-17.62176 -30.30178
2.53205 90.29232
38.22108 9.52947
51.08049 -78.43920
-102.53403 -62.64931
-20.49725 -12.18051
-76.33598 68.05148
-83.67214 -6.55809
-13.70196 -16.90300
80.96985 -72.43325
-105.51931 -77.99982
28.38542 46.63720
-90.61599 -84.61981
92.08644 8.39035
0.10670 2.27711
40.49863 57.98469
-101.36610 11.74729
-1.90490 -50.31994
52.93579 98.04594
5.03675 -36.66285
72.72548 -30.75863
82.76045 -24.74845
12.05682 109.34918
6.53476 -27.01899
33.94088 -44.35199
13.13957 98.90346
86.64182 -7.28563
74.92061 -11.40216
-58.03619 31.00850
-99.88042 -46.22994
-2.71684 -56.55500
-23.45871 94.36236
-8.08728 -49.20667
-12.42172 -58.44164
-78.30508 65.37308
36.12683 54.22935
66.96494 -27.22145
-33.20704 78.57811
37.90100 96.73939
1.21201 -40.23626
-37.02997 -52.18306
54.63888 -73.28772
-133.67359 60.44059
22.92732 98.69093
44.97313 -81.80757
-88.27743 -34.76598
-35.85665 -38.99729
67.13586 -18.93638
-17.42146 -57.53871
-114.65999 -67.14053
43.37876 0.00509
2.96056 -13.79397
-10.40576 -45.05733
16.17167 94.25143
-91.33533 -89.35338
-21.89317 87.24432
48.74026 17.53473
56.94523 -26.01415
69.02197 -9.06409
52.09279 99.46106
39.75950 -94.35615
71.43946 13.05831
61.85298 -42.41737
-9.07538 -44.60566
14.03046 103.96186
7.97121 88.83131
70.91347 9.37216
-71.77444 10.42531
37.71387 -51.31844
-105.65722 -74.60648
-98.00758 -88.83168
-96.20932 -59.17703
-107.84123 -43.63033
-96.94991 -90.15190
-141.23568 48.21097
21.47314 82.78947
5.22486 107.62394
-82.79070 -80.73011
60.16275 -82.58000
-71.97038 59.39059
65.53663 -12.99835
-17.70200 81.51308
-2.43305 -33.95208
-95.61535 -88.88770
-25.89842 -9.11135
8.23025 -14.46348
25.81740 102.69224
0.60621 -72.56994
-78.82144 9.15661
-118.04655 70.57654
-63.24267 46.69885
79.03438 -28.56945
30.61996 10.22863
87.74776 -64.47103
-11.91661 87.06220
83.25663 -41.78405
-114.68438 20.03422
71.53858 82.58425
72.23677 -24.24416
70.62893 -63.07945
-0.84929 104.36088
-21.01298 -45.88723
-98.08183 -50.30144
54.43608 -32.78946
48.43222 -62.30338
78.27096 -64.67559
-88.03323 54.58307
3.79596 -86.47823
-100.84728 -86.35447
81.35085 9.18833
-23.19564 -23.95747
-92.29955 -50.78022
-23.06354 89.29191
-102.35955 75.28753
-101.01951 -90.65244
-30.57961 -50.82902
-0.98714 77.51440
-23.79734 -49.10630
-12.64107 -13.55174
25.38207 97.45715
9.89577 96.22709
75.32947 -71.02951
77.92171 7.56045
83.91362 -27.67937
11.03539 -77.68600
4.01662 -27.56493
-39.46729 -93.68925
-19.94522 -18.19430
-110.84382 -18.73902
40.61371 10.01960
84.74715 -23.54383
-14.48429 -65.84096
70.85198 -40.30938
-74.57613 1.51200
78.45356 3.72361
-64.03436 -21.90751
70.38350 -32.02771
-134.27282 59.11246
-101.79443 -95.66209
67.40619 -4.13344
49.61222 -10.26712
37.11764 100.23061
-131.65332 56.62036
-17.34446 98.21668
72.87862 -33.32405
-16.74037 -53.24335
-136.89753 50.59466
66.47915 -32.17966
-16.35481 -20.24628
-83.93245 55.31454
-45.90963 58.28225
-0.69452 76.63309
-11.42402 -65.38919
-25.48582 -74.75263
13.96295 70.77725
-95.42633 -94.97965
32.64327 102.68425
-108.82105 86.58754
-8.84977 11.09636
72.16217 -56.86014
-2.92899 -21.05890
32.88666 97.21229
93.71873 -14.85494
-103.17471 -21.48449
-29.84754 71.09785
4.26591 -41.29867
50.12008 79.68261
83.51707 -26.94796
16.41374 93.11928
22.97342 94.44761
17.01199 98.86181
-15.95833 -45.33947
65.76494 -48.36059
0.25987 -51.42476
37.17033 98.05465
-63.60739 32.53970
-113.01357 86.23195
-39.98198 -50.45350
25.10939 74.07168
-91.89119 1.58366
11.39124 103.53459
2.51867 14.38113
74.54582 -4.94158
-50.68021 60.76825
41.47449 90.28182
-124.41205 69.20088
-14.54656 16.11435
41.27024 -32.51556
65.90653 -12.83052
-136.83297 46.20707
-3.56628 5.78646
65.23660 -34.83944
32.95314 98.11246
-40.93706 91.59440
-20.30189 -36.89558
63.11555 -33.80835
29.21667 97.99006
84.66670 54.01042
-6.35981 -44.25441
15.28200 8.44072
-135.84494 65.54599
-15.77936 64.69500
13.89539 -60.72070
-13.03998 95.87779
68.16317 -13.97241
33.73124 96.07793
-23.91688 91.13237
73.34510 -70.54215
74.80305 -34.44475
-110.22347 -70.24334
54.96018 17.03118
7.05558 -70.48159
70.75909 -19.08830
55.50337 -25.23045
68.43885 -25.36010
22.67440 35.83052
-17.15812 -29.31590
-100.64729 71.69070
-23.08011 -66.67420
-34.68869 86.39209
78.19022 -11.49554
17.81751 79.41458
-6.72182 21.42616
8.89156 -34.00624
71.68558 -20.84067
74.97120 -7.75554
-8.65037 -25.14247
21.22184 101.92267
-6.64829 -56.39588
-43.62677 -38.88578
57.15390 -43.33423
29.33510 78.78392
32.31916 -59.73484
61.98003 -52.42686
44.18572 -27.82183
-10.80841 -31.50498
78.21651 -27.76500
-44.27705 -62.76357
-109.92295 -65.16538
-10.06101 -56.56952
2.75470 92.93758
70.00766 -32.11089
63.63752 -51.66653
17.31082 83.00509
-67.03349 79.48006
-8.98487 -63.97101
-85.83318 -89.45834
-100.27316 -76.23810
-38.23555 56.60118
10.80075 97.86025
-43.60703 66.42177
68.75307 -26.42544
-135.45579 61.27807
53.37987 -90.78331
59.89166 -24.77594
-116.04928 48.27981
44.19432 -61.88926
-8.59571 -52.64071
11.61029 60.64609
84.05095 -26.55242
-5.66505 -61.86497
-68.20719 -78.55273
55.55111 -99.60885
66.12933 -76.65231
75.11838 -9.50773
75.94888 -6.20227
38.90201 -66.03369
-6.35141 -23.82235
-81.09207 54.41585
-32.00130 -95.78033
21.90550 79.07125
-104.41815 -91.42826
-27.79191 96.14632
69.72465 -5.05849
78.37326 -42.98469
77.29438 -31.76079
33.95087 17.88489
62.66143 -26.66444
43.38298 80.67580
7.03126 105.62357
-129.36101 -9.17383
-59.72151 63.60681
-65.04453 55.58022
-45.69419 -78.31054
74.61927 -53.06001
-119.22821 68.96236
-108.90140 -70.60359
73.27207 -64.85475
-133.60035 58.59884
50.55951 92.76411
-11.36944 -34.03696
-45.24869 28.69630
-24.56525 95.63598
-108.34698 -54.44235
2.91412 -80.41508
21.21787 -52.21682
42.96300 -70.61609
-65.06205 -80.53294
-106.38513 -14.07448
-9.52877 25.29261
-11.72866 -43.28696
-33.29860 -52.59986
5.15481 -34.91301
-32.50918 -23.07205
71.81945 -27.50796
2.17206 22.10480
-35.98185 90.48187
70.81418 -31.57102
-84.02515 30.13163
8.58174 20.89628
-30.77306 80.29226
-63.06584 -83.32419
-108.37726 85.47426
66.23303 -18.45471
-115.95461 -71.60465
-100.87214 -81.22020
-33.35288 65.84193
58.31441 -31.94303
6.37975 12.63295
42.48906 97.33002
75.11047 18.31518
-131.42177 66.45978
33.39039 91.45899
-136.26439 63.05798
73.15786 7.43426
59.34696 4.00015
28.73669 100.14718
44.99088 -78.83428
-40.91718 72.34717
-45.25460 -41.43512
8.10468 -37.10237
63.62042 -17.96600
-134.28594 57.97986
-5.32982 -22.74694
80.89819 -8.30949
25.10276 -44.09141
-120.93736 -6.70334
59.39183 -37.04385
77.85348 -51.20325
68.57396 -20.70431
92.73812 18.96080
-17.53987 -59.36145
78.21061 -18.45572
59.81204 -36.83038
41.35902 -70.14788
-99.12622 -95.41865
-88.48535 -82.48544
66.05602 -13.71437
-4.02450 -37.87315
24.90778 101.04420
-115.87721 72.54690
80.47199 -5.15154
82.89489 -28.66353
-105.64954 -9.33679
-25.42837 -42.79955
-31.73584 94.07142
93.17759 -49.03341
59.35240 0.88112
-129.21724 44.09568
-35.79353 68.94959
69.74802 -24.81304
75.97102 -31.80285
34.28727 18.95806
-29.91036 -6.28192
42.28591 -41.03662
-16.52701 22.70893
-94.39723 79.87951
-13.27902 -33.39139
31.79496 96.48485
20.25918 -57.63123
-23.20132 -45.37561
73.00885 -6.38519
-21.50140 -40.30965
4.78140 -61.32831
-11.20687 -54.64963
-98.59680 61.40025
82.96276 3.13983
-81.52456 -86.42219
8.98051 105.12642
70.53444 -12.57464
79.27658 -32.67190
-24.47033 -50.80014
32.30786 97.19077
-4.69381 93.49774
-27.70592 -32.32716
55.68893 10.78557
10.10400 -63.37293
72.42304 -0.07594
60.96418 -65.94989
-96.81383 -7.03069
52.55585 70.33631
-106.45243 -90.65851
-131.54872 60.46847
86.21004 -32.52738
17.01216 109.13183
63.16104 -24.00301
-101.91890 -93.01640
-115.91904 -39.82675
73.11101 -23.76861
66.10930 -25.23315
68.08506 -51.95890
58.76272 -13.03519
-19.42846 -39.71723
-102.29211 -86.67433
-104.11973 -96.94400
46.37280 9.11527
-123.80643 -68.31004
-17.00679 96.23969
75.25259 -20.97792
21.52426 -23.06054
-93.13033 -89.68407
-132.57299 58.82510
19.13849 89.01519
-107.22179 -90.38334
-71.62996 46.55024
81.28548 3.21215
36.34998 60.43489
-90.72929 -14.74335
22.39356 7.94568
64.63483 -42.63271
42.05209 -75.02593
39.04370 30.34056
-10.95498 -46.63973
-2.60283 64.70371
-98.76684 -85.36086
47.76155 98.10678
27.85938 89.40709
-113.17330 87.78447
71.17150 -40.62821
-12.96079 -55.02695
27.09989 90.45322
-104.29857 -53.29303
-105.21895 79.82215
-19.06650 79.01852
-30.97016 -42.75495
33.22755 85.98848
-22.12376 -55.39603
47.02176 46.14733
-14.73253 -33.41296
73.40422 0.53961
13.51098 -5.91116
12.55437 100.18168
58.67033 -25.18229
14.50342 100.76095
37.26057 -49.82044
74.89205 32.56085
-106.72110 -74.64354
-22.22170 99.17255
-45.30479 -76.08966
-127.56283 60.59580
84.76125 -49.34390
49.69713 -76.73783
87.00854 -3.69053
-92.74260 -85.58764
77.70061 -7.47728
-115.52259 58.37230
6.48385 85.74152
-13.35699 -46.95526
-66.57404 -75.23503
-112.52870 -67.27152
80.00213 -23.42282
1.82104 -49.82959
39.15564 -52.62200
-28.24830 92.03272
-15.72088 83.23560
75.91918 -15.91362
52.32603 99.41671
-80.46719 -79.26885
-45.03157 87.62366
37.82802 100.58522
-137.62549 60.76969
-15.60388 79.38164
11.64326 -46.51951
-121.05852 62.36629
76.76309 -67.48606
41.01205 -56.61935
-2.53498 0.47733
-11.05981 -52.64571
-13.30252 98.88049
-27.84473 18.58462
72.42488 -17.71945
29.42180 37.44577
-116.73787 -45.21984
11.81029 76.06211
-20.98682 -40.92792
76.97169 -15.13460
69.28192 -54.84218
-79.54092 41.80814
-14.37211 -11.27383
40.31944 -37.37854
59.40438 -48.54136
46.64024 67.11449
72.98156 -23.80100
32.58026 54.66986
-96.05345 -81.72490
-132.16512 66.20138
-57.97637 52.11455
73.99598 22.13260
-14.17546 11.12124
60.19347 0.84375
-129.02389 65.08390
59.91970 -30.96322
70.39635 -15.51413
-95.61604 -43.96390
52.88616 -10.33175
79.65828 1.85435
67.95562 -17.01106
76.42532 -22.69773
-36.76867 -41.81764
-119.81707 -42.89187
-70.30434 -68.95918
-124.06873 61.53395
89.63292 -18.63158
44.52287 75.48670
74.03772 -53.67436
-126.25469 68.06897
36.78430 11.01877
82.15490 -7.04000
-7.88488 9.37810
-13.73883 2.63418
-78.83230 -87.59478
82.07952 -57.34388
-93.84993 -100.17248
-14.51144 8.53835
9.16388 100.00237
-18.35756 -43.21179
6.12029 103.61102
61.92749 -13.61244
-137.85553 58.15291
55.77379 -51.62722
-14.57493 -36.71535
63.26384 -2.05304
47.34799 -53.24143
-69.14472 -89.72346
60.55165 -74.35667
-14.53782 -23.35544
64.79188 -70.33654
20.53076 87.63155
62.46966 -30.02794
-67.89786 -78.54227
12.65030 100.77914
-18.77430 -60.02905
-109.35893 -70.83665
66.58376 -12.62333
-43.86056 -59.32733
69.23866 -25.84880
28.67139 74.99520
-22.26484 -24.40943
1.50588 -75.49886
86.93224 -33.45214
23.10413 33.90450
76.88032 -27.85692
60.09150 90.17802
-9.44119 -56.53165
-14.66488 -41.62156
-108.92729 90.19360
-21.27931 -52.12319
26.73414 101.59102
42.34713 -1.79488
-1.29244 -54.26719
7.02624 109.50899
-40.30839 -31.40282
61.31135 -64.77232
33.79271 94.59303
45.31237 -86.52141
87.78253 -19.61222
-117.61488 54.54585
11.15328 -51.70002
45.76655 48.42277
58.92587 -10.66062
-112.79060 -64.73058
53.67630 101.95482
38.88424 -90.31384
36.21593 -80.00024
-0.71647 -23.37890
-129.54073 53.37243
-105.73193 30.37522
18.76702 65.45611
41.71982 -44.76495
30.47575 66.06383
73.47576 -33.07714
20.61019 75.45485
-63.14001 40.99165
20.29214 -75.15950
18.35737 98.66171
-96.47677 -57.63333
70.00391 -27.25808
-31.45975 -31.64575
92.96983 -21.04178
74.85301 -60.25529
-96.52854 -51.16099
67.48552 -78.22971
-33.81676 -40.68531
87.63842 4.24929
19.05441 105.28624
-72.83550 -15.70094
68.73598 -29.71264
29.89779 -67.78370
40.99209 26.69008
-12.98656 -28.16472
1.90220 -62.25190
-109.77428 -45.62122
-103.60038 -92.34337
-23.37892 -46.43340
-3.33646 -35.87678
-17.82223 66.13367
80.36540 -28.36809
13.52797 78.78475
47.85295 101.59127
66.73682 -37.27941
70.24928 55.70363
-103.15055 -61.08687
3.93679 103.40975
94.13233 -52.53554
75.26818 3.73572
-95.74496 -81.22998
-36.98053 76.85186
-30.75020 -56.66323
-94.09374 -87.86550
-102.33407 0.34088
79.91777 -69.43748
-104.41438 -57.60340
-11.26765 -28.38929
79.17941 8.15173
-5.80389 87.38983
-17.75668 82.93613
-101.60592 -91.52133
-9.94033 10.78224
12.34335 -4.18196
-126.10791 60.24031
14.39578 5.55168
-2.58758 103.65325
31.21502 90.69326
34.14613 88.72221
-16.68192 99.91156
-50.22344 45.91326
-13.54438 93.24451
9.46311 95.13871
7.42255 71.07559
79.54216 -15.67858
86.41683 -40.36551
-83.46607 -41.68830
23.41864 47.32772
27.68341 82.47120
-24.15683 -7.86679
-17.12061 -64.72051
-23.42521 -8.53638
-103.10187 0.42101
-24.33040 -47.97258
-55.12937 86.07845
-96.25676 -80.69176
-95.23781 -30.45126
26.01552 98.74459
-4.27716 -58.66175
65.34746 -32.84503
-71.35744 -80.89367
-141.51958 59.06008
4.81756 102.04615
-101.67340 -86.51587
-132.47042 53.71409
-99.07735 -56.29429
69.83187 -13.44238
-119.50511 -69.00111
48.56290 -45.26315
-15.33474 -22.56217
-24.02119 -18.02832
89.27677 8.94594
-1.60388 20.67531
30.55575 72.09492
73.61460 -36.24839
-10.65706 -67.28875
-27.33554 -33.28882
-36.48423 93.81796
-10.59843 -60.76567
-30.61942 -43.35683
-34.99723 -71.90751
-95.96389 89.64727
55.92156 -16.85180
76.83709 59.73169
-74.61237 -69.58903
85.86089 -64.91368
-31.04583 -45.00330
90.42943 -37.85303
76.72007 28.61709
-20.83440 11.10036
-74.60032 -37.56099
-24.70941 -35.83051
37.98788 11.63833
-106.87174 -100.18679
-120.65392 71.43000
16.66928 93.86348
72.33596 -35.04572
-14.04724 -16.20365
74.06017 -9.03128
-133.20316 63.63441
14.92333 -35.43092
68.08085 -32.50883
37.76800 92.37794
-48.25655 37.92098
77.16843 -32.58837
-91.42991 -22.89406
66.78008 -34.85858
77.26658 19.79124
-6.76707 -41.13998
70.81331 -78.14901
-134.33106 60.15798
-117.65189 -16.30360
53.59463 -38.00858
-42.56311 66.82851
77.47292 -46.80702
35.47597 76.08651
75.85306 -26.15069
-25.59235 -42.17992
54.39956 -79.36061
20.41495 79.33010
86.72451 -13.17122
-132.57228 58.18802
69.53546 -28.00203
27.03800 7.62948
-100.36550 -43.77820
-35.38208 85.97935
-16.15073 -47.53595
98.28182 9.37798
73.48703 1.35116
-15.99932 -54.66274
15.06976 93.61636
80.20337 -4.34611
-93.21798 70.77929
92.05625 -9.42117
78.73692 -28.16774
54.06699 21.60763
-54.82024 79.51124
-14.08546 -52.57657
-86.91356 -21.80184
-99.90696 -9.29444
78.35245 5.15591
-19.22458 -45.68329
3.01674 101.35301
-13.38982 -15.47340
19.21230 82.65674
-23.78188 -58.76787
-130.08165 64.15720
41.84067 64.11593
37.00735 -73.51011
-9.54255 -50.49487
-10.39090 -40.26189
75.07564 -27.64377
15.29833 101.79252
-13.89328 75.70757
79.72256 -14.88528
66.22626 12.75233
64.69156 -11.66307
-10.38268 -50.00974
-110.12500 -82.89661
64.72150 -10.55204
25.05265 2.92623
77.84924 -0.14068
2.87570 -69.66853
61.61824 -95.42350
-0.12538 89.27812
-105.55709 -97.80437
-9.24097 78.98590
-68.00490 30.83013
74.24844 -36.77848
-68.73479 -43.17588
-13.58899 -56.99723
-86.16884 60.75609
61.01789 -35.54662
77.79628 1.98523
-19.84487 -23.42409
-107.92703 8.29895
-12.53796 -65.80281
75.75710 -35.13183
60.33384 -33.64322
-113.31579 -27.45967
-101.34267 -17.18894
-4.78728 93.28901
-29.95745 68.51828
5.17194 94.20845
-80.01736 -83.48432
79.33762 -3.87545
-25.12306 -28.14780
69.65367 -20.38668
82.04843 -36.27850
71.35070 -51.18326
79.13356 -57.41169
79.99634 -30.55384
39.34877 -50.20734
-5.87038 81.92943
-107.26289 80.38057
76.55519 -38.33523
26.08161 88.12199
18.89409 85.76292
20.75547 105.32222
-63.15512 48.12155
-67.85057 61.04467
-59.69504 34.86366
-61.26115 31.47582
-19.90180 95.42339
-108.56011 -19.08392
-85.41389 37.19878
-115.88321 64.45467
-67.84800 63.44883
-125.91908 67.83916
-14.77272 85.48772
-131.05304 57.49949
-16.60008 -48.47486
-138.59672 21.66988
-126.84009 60.18086
1.67533 -63.77623
69.03722 -44.96249
44.32753 52.97065
-80.35966 -78.77454
5.39874 84.80955
56.96817 -87.62422
73.51157 -55.16900
14.95831 100.17680
-86.44698 -79.64855
-24.90247 -47.39013
7.14196 84.37862
22.01020 85.93275
72.41311 -12.16428
46.96485 -48.09542
78.62073 -35.71950
56.59142 -38.98393
45.00961 -59.10682
9.39841 96.17008
83.78160 -10.95086
-40.43575 -13.69401
51.47836 63.45207
85.69264 -26.54320
60.46936 -52.08268
-27.11051 -61.51703
-60.45724 61.59032
-54.13254 -77.31772
-100.38032 -84.33144
-11.27783 -50.55668
-28.91000 86.81325
42.75570 14.13174
28.77746 103.04820
-5.54254 22.81316
81.78103 -18.05415
84.32802 -2.74659
-17.52753 -60.61179
21.51960 79.18910
-86.99933 13.28625
-75.39102 -54.93093
-118.31397 -66.15982
43.32562 87.18929
-109.07732 -6.15446
-125.80556 -16.24339
70.44767 -9.12091
-35.02390 -53.48292
-17.36263 -78.35421
-35.80806 -28.82021
7.36512 -24.29801
-0.23782 -23.58509
-116.88269 79.09384
66.32414 -10.82409
57.78209 -31.46706
-101.36028 -97.20598
36.46246 91.25364
-54.24216 -94.05507
64.08950 -90.84657
-136.88338 57.96838
-14.45577 -40.79061
7.70236 -76.72855
16.55455 9.66471
15.19623 72.90456
-16.40439 -34.17673
-23.76564 95.03733
9.91994 74.11154
-68.26220 -69.24204
2.99847 102.83688
17.76653 100.18271
-91.54537 74.91847
-18.25610 -32.75125
-124.65368 75.64542
-39.06583 95.51307
24.45895 82.82609
67.19470 -87.74963
90.56729 -53.35020
-122.90255 78.04460
12.25741 108.10441
34.09378 98.16930
5.39031 93.11660
-15.48807 -37.19143
-132.31709 64.82058
31.82268 95.24209
60.42133 -64.44095
87.18490 2.18544
-115.17286 65.37681
67.68551 -24.51876
46.82224 92.45900
91.20623 -25.90718
69.86252 -42.73198
10.10258 109.14197
-99.57153 -64.63118
85.52840 2.76292
87.37592 0.53574
-90.86262 -22.77643
-16.31030 -11.16470
-56.36847 -80.27207
-19.99631 -24.52778
-15.15903 -55.06150
33.32762 98.27499
36.77389 92.99922
75.68881 -75.61880
36.61428 77.22422
-21.00670 -34.99884
71.17276 -26.96079
18.07919 105.93877
87.10359 -4.95673
-18.25313 76.40944
21.57538 -71.61320
23.51292 -36.75796
-21.43436 90.95718
-15.71134 -60.31828
39.37758 8.90871
-23.24471 -11.60980
-41.75653 -34.11996
57.80216 22.10532
-83.81395 -83.47013
78.35372 -27.47419
19.80198 56.67033
47.22901 85.24569
8.35272 104.08296
62.74245 -37.85534
7.99556 97.16568
80.09374 -20.71149
-83.76784 -24.65009
-108.44100 -86.17870
-138.67953 48.46619
71.14080 -25.86257
24.60245 88.54307
60.94057 -11.39079
-20.81790 26.18210
-21.33798 93.10544
-3.55928 102.83649
-59.13024 88.95281
-2.64148 92.08725
-103.48014 -52.77120
-89.63553 -93.39046
-4.15782 -21.62584
76.43665 -19.57854
9.31434 -66.54695
-99.89832 -24.54308
42.71993 77.21293
66.92837 18.37159
-108.63404 -53.96134
49.81832 -83.11407
-4.02337 77.78088
-49.07242 -50.35341
-136.05333 47.49424
-105.03065 -87.03884
57.75085 -25.41810
22.02772 97.82142
-107.31328 -92.39066
39.43427 94.30401
64.82660 67.78021
12.20462 101.66606
-122.62603 -34.76104
-54.79211 21.39635
-20.79374 79.89774
-12.29992 -40.58505
84.67013 -45.62267
-21.90844 -66.01469
78.84824 -40.52201
-30.80458 -51.72399
66.25981 -17.11042
39.60009 72.45467
11.15882 109.63559
-8.55089 91.49757
-129.20659 56.51422
-107.88792 -88.12398
-41.43369 -47.09196
63.87277 -72.55973
19.85557 83.13290
68.73141 -30.04100
-104.88631 -75.80980
-0.32268 86.87665
43.89579 95.93880
77.21629 -35.74803
-16.91453 -17.24366
-111.76629 -50.16591
-24.83558 -39.63321
-99.90643 -78.13754
-14.52830 -43.33835
-21.31688 -36.81655
-16.75401 -47.20595
48.10856 68.74440
-80.71439 58.95038
-98.81232 2.82831
-105.24535 -89.68239
-121.13387 54.09174
-31.18296 -51.46749
49.32296 -86.60810
58.63397 -50.06252
-100.42975 -55.97932
-2.00454 -40.36636
34.56431 106.54034
-94.53814 -90.57813
-29.58458 104.22497
81.57897 -32.29202
59.87862 38.70255
70.67417 -19.26340
-109.28978 -52.71845
13.08135 87.27331
-120.30540 -13.32450
55.28730 -45.06459
64.21811 -60.31260
-114.27429 -64.42052
-109.53256 -65.33901
13.91020 100.89486
-7.58879 -59.12360
-23.68041 -8.77376
-120.07582 68.40597
-120.42530 58.37394
-16.55478 -2.99688
32.54050 -30.86659
4.17591 88.21061
-86.89952 -95.16949
-91.20787 -68.19436
-4.37024 84.50214
-82.71863 -89.98757
59.99087 -28.90927
-72.46807 -83.00447
-105.31461 76.57710
24.85243 93.44068
-76.46941 -91.30744
-51.25203 63.34727
-15.96666 -13.11532
84.11095 -19.57680
-95.41288 -17.54088
9.51528 -4.87563
60.06276 33.87217
19.54194 104.80740
82.93936 -21.92357
-20.34797 -45.02215
68.12166 -37.42939
53.79273 -25.20501
48.22084 -50.98802
-88.14816 -101.84295
-99.40516 -80.67791
-31.31888 -32.97998
79.68103 -20.07143
-127.74570 64.15022
-133.21935 57.04669
-14.65867 71.74087
93.91302 -31.35933
85.96082 -27.68538
-109.46544 5.61480
-95.38932 -90.20798
94.03689 -3.04279
32.82272 70.97973
64.98192 -69.90473
-117.25514 68.69198
-96.70294 -61.06008
64.23669 -35.04709
-81.26945 -85.93519
39.59063 84.10385
-66.50091 -74.84798
-127.68176 -7.71424
-8.03837 -46.37870
-92.76787 33.35162
-96.27655 35.63754
84.84380 -24.86122
-8.98259 79.09956
81.11980 -51.93008
-15.87296 -53.57085
83.31171 -30.82891
92.41127 -55.59987
-23.63853 -66.89063
26.98869 -66.50987
-72.54523 -80.14358
68.07930 -47.62622
59.22360 -30.10474
83.67976 -2.91258
50.67105 -52.94679
22.93216 77.27845
52.88538 -52.90692
-89.93762 -42.70734
-96.87820 64.96708
88.41315 -6.26880
-92.83788 -80.20664
35.34859 78.75970
48.04205 30.76656
61.18996 -65.87757
-27.61677 -34.78865
38.93036 3.93258
64.15619 -31.23619
-93.78917 -43.34431
74.37299 -76.74727
-109.01574 -55.39253
-95.02925 -52.06839
-103.17348 -92.15660
77.71142 -59.35797
-103.60461 -95.83663
58.68959 -35.73164
-22.19414 -41.99122
82.14597 -15.66175
77.46303 -6.96674
-19.74153 -54.74069
56.96341 -2.72931
71.87273 -29.95871
50.68906 -72.68419
-46.89405 97.08939
-18.17780 -5.59062
23.95621 41.46458
51.54880 86.32832
10.13099 112.29364
64.78129 -69.79318
69.33391 2.39729
10.77217 107.88303
-34.95026 36.82500
47.00078 14.04791
35.34575 100.29287
-17.63386 -51.75959
-12.85727 -24.45703
55.60807 -34.61997
22.92666 76.29192
20.53493 107.18251
-57.38641 -79.77866
83.24996 -34.64693
15.37439 52.84887
1.90320 83.68895
10.16389 99.26964
6.98578 8.65084
16.67398 -61.66053
91.61055 -16.54428
-40.93008 65.34653
-12.85869 -22.18718
-7.19438 35.25218
46.65396 -69.33033
-15.14646 81.32709
3.10212 103.99058
20.61137 105.25496
64.84076 -13.89258
70.37778 -69.55355
67.13444 -46.67348
-126.75546 67.18611
75.41640 -35.19864
-131.07076 67.70322
10.10226 99.36832
36.90580 94.70572
0.13240 -62.19668
73.92765 -28.58670
-38.01347 -27.81869
12.79814 92.42473
-39.17385 87.95649
-3.41184 0.96182
-81.18091 -49.06612
57.28168 -35.96080
-28.93023 -46.68538
69.89329 -30.46298
-45.44412 -32.75319
74.24194 -38.13227
44.60200 0.81435
38.07740 -20.39601
8.27583 -34.29153
82.59430 -51.42907
-95.17102 -88.70337
51.51183 22.99605
72.41511 -35.37252
58.07883 -38.66560
-107.94521 -8.17621
80.33899 -50.38511
25.51341 78.15509
7.31130 -21.86279
74.60951 20.03286
-13.14008 96.59048
-30.84132 -53.36789
-35.90181 -73.06313
27.93483 95.76745
52.95251 -44.21822
-119.26779 61.67680
73.63662 -8.13469
-127.47596 77.73120
-29.80895 -37.15309
45.16180 96.41776
7.98547 102.75944
14.12296 82.63450
-49.57842 15.34842
-72.32429 23.32347
-104.18618 -78.31503
-97.88224 -99.68711
79.20293 -66.39631
-15.07098 9.12136
41.20422 54.19228
-116.79027 -67.37536
-8.16905 4.12762
78.13202 -38.30587
-118.90578 -80.61961
1.30671 19.34593
-21.80494 -72.94420
32.65930 99.28687
-40.89866 80.83469
-104.38505 -40.07592
9.48384 96.87579
-17.11390 -36.66604
-120.21928 -3.36550
-135.26632 51.30898
62.03067 -58.26235
30.17274 102.07946
87.01023 -28.89454
78.17991 -33.37660
-115.80287 78.61880
29.00627 68.20850
76.32358 42.66691
36.49955 63.29967
-16.58966 -73.28308
58.62399 -69.78113
-7.59432 -10.73279
22.45754 104.62326
19.91972 102.03661
-0.59781 -7.16794
70.10090 -16.21500
-106.00030 -87.91207
-8.17352 0.63458
-27.46964 70.95091
-23.78493 -82.19356
48.51839 -60.54875
50.10975 -27.16061
76.32273 -60.75687
0.95304 -75.25760
-29.25567 -26.34154
-16.59731 65.45279
85.13068 -35.19061
79.17848 -63.93795
63.38769 -44.27524
83.54508 -37.55487
71.19548 -19.24651
-2.26480 91.97370
39.34808 94.91078
87.13959 -35.82127
-35.06519 -50.05855
22.52085 83.26681
-106.85683 83.99453
58.40049 88.17110
-19.27327 -5.15101
60.88107 -84.00403
-14.95283 -56.36447
-139.28453 43.48955
8.15544 92.37077
13.46654 -11.99816
32.87980 -23.86095
-18.38399 9.72914
78.20159 2.42547
-96.84169 -90.95275
75.22548 17.70340
50.30756 28.39415
18.91452 102.95146
-18.09991 98.36799
-128.03405 68.70321
22.30198 94.12466
-93.67699 -25.97503
-106.44336 -55.50129
69.73259 -76.45330
-65.43218 56.86172
77.39095 -5.50784
-34.65044 -48.81813
-115.87493 -69.61321
-117.25797 86.85792
0.24269 -41.06529
-2.10994 -32.99173
-28.53019 53.55634
-100.76103 88.47266
-27.68885 83.89703
50.01902 99.63538
20.72450 -66.18229
-10.82009 -60.43903
73.90926 -67.65168
-23.93607 65.31425
44.58434 90.06014
-25.23492 88.33940
5.85760 -8.03408
-70.80654 -81.58559
-27.53611 -30.27628
-16.21947 -32.43003
-60.45711 17.29109
29.67092 -27.14499
57.22925 -53.83774
14.76850 72.82155
-14.44528 -56.52390
74.06117 4.73364
-95.22701 -30.11674
-93.65815 -36.15143
-78.23741 -88.93867
78.24945 -32.61045
50.23078 91.77823
81.32233 9.46726
-36.67115 -46.18773
16.41705 77.19959
55.73126 -79.76318
36.64185 57.76304
-8.86514 -49.14375
56.38179 -44.83772
71.76455 -43.78393
9.02050 88.25367
15.38862 101.26951
-41.20622 -50.25914
-95.09035 87.15544
-18.84921 -26.44633
79.00330 -29.28352
-5.63261 34.55818
-17.23674 -60.12284
51.44263 -72.04825
-112.46169 -55.34996
-7.56434 -4.81511
72.66581 -30.19218
67.01223 -79.43320
71.31664 -23.64130
-12.90602 5.95214
93.64178 -54.80993
57.11926 -54.42674
9.16344 -50.36171
62.28233 -43.29475
12.81446 94.37175
6.74937 100.83164
-15.12223 -62.32194
77.59456 -35.25955
90.53553 -21.01307
63.96359 -24.23890
-130.91376 61.58361
68.01321 -33.72058
73.38636 35.08835
53.44338 -29.83371
-33.05029 38.68489
16.76614 105.31588
3.95842 -47.15789
75.60950 -35.83321
-18.28354 -76.56789
-58.31547 -84.42806
33.90583 93.62046
-29.61427 -37.49908
-1.50291 25.82369
-1.30928 -59.90788
46.00681 12.65980
1.88893 81.46369
68.12692 -45.61650
-47.77029 19.08027
-41.77746 -44.74145
50.21744 -42.51968
39.02609 -66.80994
-6.96237 -52.05051
-15.31997 -63.52597
-72.10044 48.71878
-120.52034 54.57215
-23.04869 -46.14964
9.34511 99.20376
82.32501 -15.07447
61.94094 17.47747
-9.62015 -43.74054
57.33929 -81.51950
-41.97920 -60.76964
67.27044 -39.01754
77.71062 4.73769
57.32616 -28.27102
9.83742 100.47531
-129.07806 74.59834
46.86792 96.01599
-63.55792 47.16388
12.07086 -15.10030
35.19463 93.27623
-84.15851 -20.46557
-79.79877 73.01769
74.15040 -31.39617
-14.93661 94.44484
88.12215 -3.93928
76.25392 -12.04481
58.13154 -75.67967
85.49368 9.05313
43.17991 89.67378
77.61065 6.86177
-11.63488 20.63206
-91.77993 44.32679
-101.54592 -82.30836
-121.08078 73.25057
45.00712 40.36946
84.38888 -5.98378
-37.43680 -62.67274
63.27482 -36.95520
-67.67297 71.38262
-29.03502 -34.42082
86.66365 -55.09211
-26.77551 -29.81083
-87.85334 21.31759
-15.86648 -32.66785
-10.21102 -31.22526
79.62571 18.46491
-11.54244 70.02647
68.73248 -17.65289
78.52724 15.61563
-48.98841 -75.42374
-100.56349 -91.97183
1.75347 -68.88123
-128.25090 -12.02343
61.35803 -89.76835
-8.80964 -65.19363
34.65196 -60.22066
36.39572 26.15898
63.70207 4.06100
-127.52277 76.99432
-92.05990 -49.11384
-65.54069 55.07900
-7.79171 73.49334
-10.05399 -18.29129
15.93434 83.69555
76.48293 -38.22643
65.51211 -72.60186
-13.87121 -4.95047
8.11078 10.14282
-123.76540 75.53304
-113.60596 -68.11752
-15.83306 -10.59456
69.94090 -37.04985
-113.47982 66.41591
-14.74331 105.43898
69.40190 1.14519
-15.88191 -38.55880
11.54972 69.08284
-116.51700 79.29838
-91.86617 -76.77028
76.11291 -16.40453
-5.92965 -65.87974
71.13855 79.23341
-86.07923 -88.57825
-94.20853 -97.88209
-109.56057 89.01642
45.55079 73.74939
38.24764 91.46885
18.78783 95.92086
72.54421 -19.72332
54.02691 0.21448
-75.19220 53.59864
-2.67790 -73.52626
-78.93287 67.46140
-38.82926 -68.78688
81.29807 -17.20400
-91.14598 -86.33662
-34.95324 -43.20229
-16.20444 -59.79830
-2.45905 74.14382
-112.34758 -40.06355
51.06059 95.80167
52.35308 -66.41486
79.61167 62.08282
-109.88916 -17.44782
69.20298 -79.38755
79.82423 -35.34046
-120.78645 78.55191
-15.93170 -15.38583
65.50822 -11.07166
1.60461 77.93512
66.95153 29.55312
-7.74571 -41.21686
-111.40496 -36.85146
3.44259 88.56764
80.69391 7.57576
24.23551 -66.64144
-107.50555 -81.16203
30.01967 70.38215
54.43674 -50.43464
66.77516 -56.97579
52.31069 -87.96569
96.24015 -28.26952
57.51908 -5.81486
1.72847 74.62929
22.84787 61.22944
-75.82111 -86.61805
80.56805 -47.19618
-81.94358 -6.47065
61.62041 2.19491
73.32228 -39.04799
93.09131 -45.23446
66.74245 -1.67324
-0.22272 -75.86085
-99.63785 -97.51458
-138.51909 40.75676
46.09886 16.14046
-110.09901 82.40378
-116.73603 -8.80454
79.63898 12.20793
-108.90386 81.08301
-97.55442 -96.43903
10.37123 105.91920
63.95566 -26.32762
-17.08660 65.90079
37.77550 66.69642
-63.13969 67.36920
-3.64957 93.09820
-33.89537 72.85309
54.29552 87.93968
-117.13783 -39.96469
71.91383 -26.11822
-23.09246 64.92880
-16.01910 -45.64300
59.11830 -36.42693
-9.21531 -22.88249
-31.28210 -57.11573
4.22220 -24.04684
76.04790 -28.12746
37.05182 -46.61381
-96.89277 -35.51032
75.13470 -42.73610
84.16577 -17.62510
17.69888 -16.93142
-93.24691 -9.51162
78.71883 -23.49335
29.15953 28.93310
64.95864 -2.06882
49.57342 42.56808
-4.93011 78.99772
73.14494 -50.36812
-36.59481 -48.84349
6.10666 -71.31865
-116.36513 -61.57733
-103.58894 76.33929
-125.12314 74.56872
80.00981 -39.25696
64.31743 -26.14633
-6.00086 -39.01109
14.05977 101.01167
-57.04278 -60.84160
-134.91505 50.65435
-108.78355 -31.56854
3.23415 -42.59923
60.14541 1.28317
7.11408 -11.09642
36.56036 14.16989
-108.71071 -55.93138
3.07767 92.74611
-20.39900 -2.86632
18.83486 106.72854
63.80168 -28.71024
-121.94044 69.49613
76.43406 -33.10931
72.36435 64.86086
9.18428 89.12947
-8.09394 -36.31645
60.30175 -15.06398
-16.43717 -45.10074
31.96848 10.64612
29.25836 -72.06636
30.63980 85.32949
-90.64311 87.47518
-19.74695 -32.21703
58.23236 -9.42566
-81.76535 49.17474
-28.11458 -24.14581
57.84318 -36.70828
-69.46306 -87.31782
49.93560 -23.95553
-59.98384 46.38925
72.21811 -71.60277
-84.67971 -51.46857
-46.19776 65.52169
57.55201 -34.10340
74.71691 -24.54646
-9.05932 9.12440
-50.56198 -87.38383
-6.86720 99.86687
50.24258 -52.33327
35.05496 -52.94261
-94.66495 19.95816
-2.21087 85.18518
-9.60528 91.47708
-19.02607 -32.80799
-94.62055 -95.40602
12.96738 93.65224
75.77957 -31.68810
83.71506 -12.51790
69.48020 -19.54796
-14.94916 97.17132
-102.89281 2.36723
-27.55053 -10.80449
-4.17395 104.41519
-6.99050 -47.66396
-3.67443 -53.36793
-27.89571 -47.78770
71.67414 -34.91416
11.39981 -33.34524
-32.90269 -28.70565
71.44173 -21.98125
28.28243 -69.07464
74.61796 -68.25009
-132.55427 64.90967
79.92951 -16.95738
2.35560 -82.52296
42.37586 12.41352
52.55179 96.93895
88.48515 -23.79822
-3.77217 12.25206
-23.37036 -47.35279
24.20735 63.69259
68.66402 -48.85896
-76.78259 79.93452
-79.71425 56.75619
-105.43193 2.43436
6.96660 99.80497
76.20291 -59.01305
-92.44940 7.19560
-101.51683 -88.61449
-129.99453 56.94633
-62.16983 42.48006
36.32802 -50.69875
8.88981 20.82535
14.22618 88.24919
3.30056 86.70770
-20.13238 75.95848
19.54598 34.37029
47.56161 -55.48100
81.04533 -30.63924
-26.94112 91.50863
77.12059 -79.38939
31.14293 101.63406
68.48162 -19.78758
-99.91793 48.22291
6.06144 88.59078
72.78247 -25.46686
-17.10147 1.07208
20.23067 -53.92589
-2.61356 5.09991
-1.76388 -58.63237
-1.34753 -1.83921
-16.06033 -8.69944
3.86454 -71.81560
-107.02881 -86.53695
-107.82070 13.70681
25.64576 98.73101
29.60920 96.76111
-106.17187 -1.50121
48.28512 95.92526
-106.03784 -57.52564
53.48713 80.08335
72.16266 30.03684
-113.03335 74.79511
-87.85035 -76.37574
-3.67669 -13.79157
-120.93351 -34.44708
57.54336 -25.61937
-115.22450 55.04628
-92.05095 58.56487
99.71733 -53.41481
-39.25655 -17.35144
16.77355 -56.41382
-12.83403 104.72741
-7.94119 -40.39110
-136.17866 60.23158
-11.51865 -26.54678
25.78254 82.90062
-104.24709 82.98070
-94.00222 -95.24172
75.02645 -19.11505
-18.89956 71.28475
2.76891 95.01367
-6.85911 -55.98701
-14.61855 -55.70929
-32.62927 -59.06538
65.72575 -21.82849
-72.49019 -19.23393
3.38105 92.74042
-15.39954 -22.68446
-8.19480 -82.59921
19.46698 -18.01711
-82.63569 -91.55595
32.37526 97.10925
64.51689 -30.57347
49.43925 100.95816
47.36251 13.91851
48.16625 100.34007
45.80794 -56.29188
11.81115 109.36951
45.17252 91.43256
31.07978 86.23828
39.31407 67.67557
-7.07006 -64.31357
-80.64024 12.86774
87.49655 -18.46729
47.59637 86.51069
-109.73317 -72.37756
68.21398 -70.52352
-23.39939 4.71517
24.61162 78.84828
-1.61154 -58.07079
63.49078 -11.63975
70.25446 -66.16047
-78.14561 -93.96326
38.81325 -81.97788
45.04922 -38.67578
-113.93761 81.36499
97.77970 -19.56156
69.19472 -37.45476
-84.63209 -90.65939
74.22958 -14.72018
92.49757 -46.40500
55.34489 -75.46639
8.19450 -19.73489
-96.74588 -79.10975
31.16459 97.28100
-19.41020 -25.14039
11.18073 -67.53606
37.39405 77.75775
-122.18391 -26.43308
65.48186 -4.92399
-66.51274 54.02619
59.19169 -79.54133
63.24114 -29.03474
34.88181 98.23947
-131.45788 65.19017
66.54024 -6.59856
-29.45946 -33.37390
76.46251 -0.13010
64.66714 -39.57200
77.03641 -56.14200
75.87506 -61.19579
-130.58566 61.82385
-103.55219 -18.56299
12.74601 19.78675
89.54497 -18.80505
-101.70156 -76.01494
50.05246 93.65033
98.66574 -30.58906
82.90563 -24.42356
63.08338 -51.14652
70.80716 9.41480
-0.36634 -56.62182
-70.06777 58.76642
-37.14229 21.20731
-79.63916 -83.66531
-32.38501 90.54441
-103.06461 -85.47451
-34.11423 -31.96637
55.87745 44.79784
-3.08689 -27.91952
6.98694 101.80206
-93.25613 -93.72645
38.66096 68.62494
25.73736 97.11369
35.15504 90.01006
46.04432 -22.75238
45.87395 84.47578
72.82460 -55.54705
9.12568 -50.91877
92.40044 4.47453
-31.86079 -54.93682
11.74209 -28.81324
50.63491 -19.27872
79.10170 -46.61691
-92.59459 53.02210
29.11868 101.13178
-112.84576 -63.58775
-17.50946 -27.96475
11.60148 79.48433
63.93655 -36.89796
65.36447 -2.96077
67.50240 -61.83883
65.06195 -60.49590
-15.39760 -51.31089
46.51777 -47.97741
33.78912 51.84851
-65.41075 61.42236
90.04830 -52.32419
-30.63871 2.14645
-3.92997 5.28890
-12.72050 96.09826
-4.18355 -76.49712
-17.74992 -41.96099
-69.76610 -76.41794
-26.93484 -47.69438
-20.16986 -9.16770
-109.96313 -64.09624
21.38885 -4.63523
-87.84628 -33.83363
33.32440 77.61326
3.59934 -52.11235
-19.30172 -36.41879
37.74501 53.30510
-10.08795 95.21286
-81.16678 -78.55619
75.34317 -26.14950
35.63239 70.54469
-8.32355 26.16992
-86.59334 -94.35372
-111.57659 -5.26377
-29.38015 -44.37070
23.29599 105.59861
-111.10635 -9.67408
38.26558 1.27942
-102.17589 -20.44222
3.76468 -29.44448
19.23183 94.68430
19.17399 98.58768
-12.57164 -104.61153
43.63047 99.22545
73.17935 15.15990
72.68937 1.85775
69.27083 -24.64886
-80.76930 42.30562
84.64206 5.99775
-21.81397 92.90439
-19.30053 -45.59363
75.67245 7.59467
52.12178 56.11190
-81.16367 83.48182
29.00069 73.85931
63.34913 -88.13427
61.71255 -30.66307
-16.60515 58.47896
81.57140 -57.76179
-130.08907 65.55443
14.86218 102.17678
-95.95543 16.91784
81.59768 -2.43585
-118.90855 63.55025
-30.23686 -32.36960
5.47074 94.01879
-29.72443 93.15166
83.91383 5.72110
-30.44099 -36.92734
-98.16840 -59.76765
-7.63551 -51.81905
69.06371 -32.74684
58.17844 -7.13454
68.77230 -42.33122
-87.15685 -82.24382
-116.89302 -28.52053
76.72007 11.01654
76.21724 -25.26522
-98.61292 -75.33738
-81.13833 -88.71376
-86.75463 -33.33099
74.67924 -39.23038
-22.31054 -47.30368
62.15182 -33.58275
15.72297 105.79507
64.69938 -12.96450
85.60238 -64.17546
-60.16965 -77.90967
-34.73298 -40.52066
31.71901 -47.94830
67.89023 -15.99703
67.48817 -17.73944
31.87534 105.20926
47.92165 -34.55510
82.77056 -42.81299
-79.95378 -83.11352
65.92157 -10.83552
48.30452 -1.30763
-101.99646 -81.94438
-112.82769 84.66783
-99.19095 -106.83824
-90.67677 -14.39322
78.44860 -59.39050
-34.17008 -58.64724
13.48105 -44.87976
78.34306 -26.26750
55.63828 -14.06337
-6.34514 98.32460
43.43681 -68.67074
-14.90436 79.10919
-18.10466 68.84280
70.28669 -18.14735
15.53926 87.58537
70.85675 1.29175
4.09235 20.95295
-35.48700 -50.51889
-19.12328 -5.57897
-121.60184 -68.96800
-37.97864 91.39186
65.59320 5.28773
1.94303 -31.42092
91.65800 -28.40892
-10.92201 -29.17074
29.08697 68.39904
70.30005 -6.76589
-2.48789 81.73336
-110.08002 -79.76404
-97.22018 -30.78166
12.77143 107.02494
-3.22423 -55.99676
72.16849 -56.75082
44.92545 28.90795
-104.43512 -4.93711
48.30381 77.60517
74.47271 -58.39366
-139.63456 40.58572
86.56362 -17.94211
18.96617 22.36423
68.80547 -15.60724
36.46333 -20.01694
-130.02831 67.74864
64.70702 -62.14460
70.99886 -25.33751
58.37036 -45.52433
28.70455 98.12069
33.32746 -62.82406
-23.53458 -16.84497
-48.32408 -56.64455
-125.27243 51.60083
49.33160 -33.05816
-116.93614 76.62532
-112.64414 -77.54435
52.58427 -49.61495
3.89300 80.08293
-31.28783 -39.31364
-63.38988 -90.61003
8.67470 -25.30302
-1.09887 -8.33453
47.90996 -13.13471
79.26661 -33.61379
66.04082 -50.77269
30.26154 75.77467
70.33468 -6.11658
-96.89167 -85.40356
-17.28783 12.32008
81.49605 -25.89829
-14.04205 105.08870
77.81722 7.97290
77.84782 5.78335
1.21114 76.84997
79.10254 27.97562
-44.32220 74.52593
-92.99565 -25.62881
-95.60288 -96.37762
85.43185 -12.10753
-31.38477 -46.70685
68.88080 -55.18998
-5.03449 -50.56574
36.61007 102.19255
-103.47080 25.48749
5.23905 94.76592
-92.22228 -70.11672
69.10351 -34.69414
-109.37910 -75.24104
55.54462 -46.91036
84.02814 -62.80865
-3.07289 -36.30817
-15.19058 88.91117
1.38334 -75.11162
-86.34709 -70.74315
82.86293 -62.64493
-6.70599 -52.71926
85.89933 -16.67281
66.56754 -6.67401
-48.27479 70.44623
-120.58053 -74.22389
-9.72774 -48.34048
-63.83783 -73.96339
-79.04074 -1.25527
84.09663 -63.69713
-7.77782 -67.32295
32.48096 56.40325
68.04273 -73.23660
80.84870 -32.68021
84.46365 -67.72863
33.41084 83.85196
65.04255 -2.40219
-28.14387 -40.93228
-7.58854 92.70180
-6.48878 -51.69770
-23.90487 72.47681
66.11448 -24.96298
18.49478 103.49616
-88.41593 28.15576
16.99903 16.86813
42.69462 100.60481
32.89027 92.51532
41.74654 -56.26591
-11.99762 -41.52354
-136.26355 59.98773
63.81100 -77.98191
-1.87394 -24.85792
31.79070 106.43750
33.12599 19.36077
4.68129 92.96796
-133.92345 67.99899
66.73248 -17.17831
63.49847 -18.53373
-90.28266 -19.74466
-104.11410 -52.02992
72.57660 -11.07834
13.79575 102.63896
-26.91142 -56.29436
65.04352 36.19011
-75.89933 -74.79943
75.79093 -14.04784
85.44423 -65.06554
65.27926 -34.03732
8.02161 89.47412
83.31130 1.44298
61.31498 -18.17949
62.21510 81.80550
-144.46628 38.88612
60.50337 -72.44139
94.66769 -16.22709
76.16512 61.40037
85.66905 -52.84314
62.47381 92.52336
-110.69872 85.37258
-40.54958 -64.08193
85.70123 5.93688
0.24348 79.61605
-56.93209 -80.39978
0.22944 -8.49480
-103.75895 47.69307
-37.85246 95.47980
83.19469 -22.91663
-35.11266 -70.78825
11.36209 -47.79464
-106.79152 0.89031
75.68341 3.28030
26.94845 -56.86617
-82.59526 -3.16506
-138.63955 56.82811
37.14412 91.32375
39.63959 97.30870
-24.29968 86.44010
28.63646 87.17486
89.02622 -18.58564
-102.53706 -48.15716
3.56662 -48.69634
70.57636 -2.85608
-26.05761 -18.95209
82.74496 -30.76100
20.85959 -58.61146
83.38592 -21.93584
-130.04344 60.69532
-3.61539 -12.94081
-30.65577 -31.40341
-81.88358 -87.29067
-108.91508 -46.27319
-3.26742 -68.52448
92.34064 -49.24432
0.31456 -50.62555
-75.63810 -5.88897
59.39221 -16.36918
57.85777 82.63204
-100.29331 -10.66451
-0.97591 -50.76520
-141.64976 56.12754
13.80248 -55.46259
-11.54400 -21.23397
71.15997 -34.42416
44.67833 79.26376
76.44907 34.77085
-63.31410 40.19266
34.34309 10.51444
-17.48672 77.82007
-12.44274 -51.49050
65.95800 -2.69009
53.70854 -21.49168
64.05693 -34.70935
-32.53247 -75.12502
67.60424 -53.43244
12.93902 71.15225
26.13596 87.47265
-102.91587 -27.98949
10.02894 78.06656
63.95749 8.57480
69.29803 -39.06925
12.82450 97.80200
-87.56046 -65.15880
-95.80012 12.01352
-0.94501 -44.18943
20.56509 76.00893
11.23753 -36.84956
81.35612 -39.03330
69.25638 -13.90083
68.41044 -59.09789
8.87024 26.60839
-35.56780 -6.58948
70.63770 -21.88027
22.13412 89.43694
-111.82359 -62.43954
49.74553 96.51405
73.96810 -49.19532
-99.32338 -72.07099
-18.71032 90.55637
-4.21783 83.78499
-108.97184 -38.03112
79.66055 -18.78338
-97.14450 -94.14336
51.71752 -40.24862
93.57564 -38.49431
-5.13882 -47.18524
-16.92198 -61.98331
64.24649 -26.18361
58.47042 72.77438
-103.96207 -88.99757
-116.57033 80.39086
-87.31608 22.12942
-35.47901 -61.35294
21.49722 42.48041
-1.94574 78.21607
45.94695 93.99955
-25.81124 -49.20964
19.96119 95.49113
51.29219 26.95029
3.78818 -24.36046
10.17122 85.34367
3.98016 -41.89051
46.87149 51.34969
69.83322 -59.98175
31.48564 92.23750
8.17642 113.50210
72.32958 46.90940
-8.08603 97.36152
72.17782 18.51924
52.77985 8.08061
63.58613 -26.18243
36.62710 -49.30752
-11.75739 -18.02154
59.42660 -67.98394
-48.88523 -55.12673
33.40350 102.51315
-25.39304 70.04944
-87.91827 60.71857
40.66804 38.57224
38.33038 83.81851
-121.36786 69.59801
-27.90119 -37.62946
67.54287 -21.80072
-1.74886 -18.49303
-107.77357 -91.72631
-110.26361 -76.91746
-2.88630 -20.77532
69.74682 -29.78268
80.33107 7.38848
1.64526 27.43142
-94.80946 -83.51831
-26.14112 -52.38495
-68.78490 80.66325
58.86183 -0.08136
29.55364 84.21800
78.64117 -27.91718
-56.95321 81.47520
-84.69554 -19.10609
-124.13233 69.78518
-125.24943 1.59852
19.90181 56.88950
-51.54958 -74.91036
-89.75902 -69.35982
-46.09796 -51.69438
7.29933 101.20963
57.16976 18.63349
-82.30758 -87.10430
12.81043 109.09032
-109.24835 23.22037
-28.58141 -61.57326
62.32368 -28.46563
21.06456 24.44690
83.21172 -12.78143
-2.47571 77.17131
8.08293 -74.95288
80.96180 -30.21161
60.61132 -33.15677
79.40022 -24.82517
-1.72968 80.73933
70.17494 -22.53675
1.96114 7.39163
-132.18625 63.20775
71.95408 0.20016
-92.60557 -91.74486
-112.77839 -74.35384
-37.45326 -57.93131
67.93082 -10.16301
-18.96872 -28.17535
-5.25886 -45.74002
34.85869 88.10381
-18.26160 -43.31926
-31.68084 -52.98611
41.97025 5.10022
10.52951 -18.49613
-39.45039 -36.91878
38.64975 -59.43628
6.59903 105.17626
-61.15156 53.42228
38.07490 87.35482
-18.40483 -48.64658
-91.96276 88.88276
34.78227 -73.75635
-19.05005 -70.81688
-122.81042 66.86130
-103.03651 11.91087
-104.91998 -74.36448
8.41514 99.59642
65.78501 -65.56746
65.61051 -69.68556
-15.39681 -44.69488
67.55791 -35.67096
45.06719 -27.98060
70.87805 -30.09254
-17.54616 -16.65590
22.68923 62.34949
81.57378 -61.32759
-60.83697 -69.36763
65.16215 -6.70414
55.79997 -68.22343
-7.67999 -62.18817
18.04054 -65.88879
98.31985 -35.04139
-3.20827 -55.02828
59.01066 6.51779
0.45328 95.89698
-106.03323 -20.43171
12.10110 102.94536
-59.34701 30.98572
-1.23236 -3.96976
63.72839 -29.67071
-1.54295 0.74390
24.77422 94.33882
40.24043 -24.02205
-5.26625 84.71197
77.13344 -34.66954
-86.29968 -32.20713
37.29123 101.09154
75.57115 -14.63157
54.64421 -68.74037
58.41608 67.86649
68.21591 -26.63645
-73.23948 55.51501
-30.72539 -55.30772
18.70825 106.59159
33.88138 103.04119
7.45667 96.16824
-7.81931 -57.59285
-40.10583 -63.02756
-107.01393 -29.82643
-20.39210 72.76931
23.97467 109.83681
7.76241 104.09254
63.05340 -11.06618
-11.06655 -34.86532
82.46530 0.20328
-132.03247 70.29626
13.23677 100.75847
72.09076 -38.88144
-89.66053 60.99514
68.46152 -1.64720
4.69354 105.00832
-114.10495 76.43070
66.37099 82.74155
62.33786 -52.30398
68.36491 -19.72080
-53.98886 -45.44820
77.64075 -59.80865
-20.44570 -34.87053
-5.77179 82.51093
-62.94111 -20.78589
-107.86456 -71.36390
82.53666 -1.85446
62.44325 -73.48486
5.51505 88.53301
-106.01548 -94.92955
35.18485 97.26797
-73.71544 -75.72986
90.24221 -12.00059
89.20014 9.27130
72.50822 -7.43997
34.99786 103.30137
54.56726 53.39122
15.75648 26.60949
-130.34368 65.36972
-108.03593 12.19190
-15.66678 -22.46312
36.76134 96.63114
-106.51794 -51.52843
81.02932 5.63843
71.59187 -38.07133
-3.10902 -47.44106
-34.41358 91.90124
-23.57369 -21.37800
3.28770 -72.35709
48.20678 -85.47176
-21.21615 -26.25952
-112.80173 92.13864
75.99568 22.35792
83.22442 -11.56389
64.12657 91.74842
19.63117 -6.84214
-132.41317 65.38848
-82.62210 -92.86077
69.03856 -23.66489
37.84358 94.19282
-14.56074 85.39179
-19.31246 -49.72971
-35.15222 -49.24063
22.71283 20.30949
-21.14462 -57.80942
70.16404 50.44789
80.28404 -12.48842
-141.67144 46.04379
93.20047 17.76332
56.54022 -45.06007
-56.48689 -63.35745
-34.35958 -62.83172
71.19818 -24.38230
34.93472 66.55185
-109.57797 -62.64973
-21.20989 88.33797
-6.64559 -56.97093
-5.33606 102.83682
70.39367 -55.04075
-15.02907 -62.42074
-13.40234 -61.05786
14.94216 67.57502
18.84709 91.40139
75.65433 6.60243
-139.01011 49.90635
86.88144 -7.28251
-40.11496 -64.51454
-78.71672 74.29211
72.91079 -18.68277
-106.57176 -90.23742
4.38607 -57.83734
29.96533 102.24979
-127.34722 -34.50202
3.80779 -33.29018
29.09886 75.84371
34.95498 73.95184
49.31428 79.30650
-106.01892 -53.53235
-9.72940 -52.19638
-86.74246 -89.32395
58.65178 91.14829
-115.86619 81.44229
61.56901 -6.85424
5.91581 74.53033
80.09542 -30.08312
-29.03589 -3.88216
82.67233 -40.53410
-29.77430 3.74394
-13.02781 -1.59857
-53.28195 -66.08173
-5.85071 -21.25034
5.26615 105.21437
68.39520 3.24779
19.44511 101.22017
-30.04129 72.21974
-37.91106 87.93829
-9.54936 -65.23494
42.51382 -32.40389
62.62138 -34.86967
69.26078 47.78170
73.22426 31.19508
-1.92524 86.70320
-124.64578 -14.10220
-14.93127 -23.67375
-12.74578 92.48287
-29.84637 -9.99931
41.70510 19.42151
12.70894 5.27831
-131.20399 28.11394
67.29178 -23.13991
-97.15917 84.82018
13.16723 75.31981
-124.81333 60.86597
-95.03726 -47.21216
-17.71978 -12.62028
85.34243 -19.44875
-128.10165 78.20083
-124.32095 57.13944
26.74796 -63.98643
-25.67393 -55.22811
-12.09417 -46.11697
-103.90964 -51.18191
-20.10291 -70.50208
-89.79346 -98.95026
50.38629 -9.42896
-18.33360 -55.71013
-5.28744 -35.54462
-99.81661 -81.21340
-5.80954 -43.27325
-28.85275 -39.17774
74.43202 -71.24592
88.31307 -5.72264
-9.08839 -60.08782
9.84372 -42.00688
8.52293 20.91089
84.88189 -40.52144
30.17334 89.62106
84.28744 -49.25319
75.37429 -28.83740
52.70259 -62.48419
-28.59387 -22.22308
85.63533 -16.81663
-16.91478 84.27261
6.53811 -14.41817
-88.64219 -98.56155
-135.61217 61.59302
94.53416 -43.87131
-24.64144 -55.58303
72.23546 -34.07088
5.69158 83.36768
64.14489 -28.71728
-106.66982 -82.82371
61.33354 10.57446
34.74182 88.85958
-14.24062 -6.78413
-97.75369 -98.89657
75.54465 -0.78282
7.56497 100.69188
72.89795 2.17874
0.50410 -12.75529
81.29851 -27.69942
75.24771 -62.67392
65.57631 -75.75176
64.22544 -19.81925
45.18528 99.74451
78.16664 -30.42746
92.99121 -16.70928
20.24577 103.74753
13.04759 -63.75586
12.19359 -36.86569
-25.08987 -61.10378
42.09044 87.23207
18.27749 88.63011
-14.13599 -67.08613
42.38359 -89.87180
44.40661 97.61242
75.65724 -70.58047
61.10262 -25.65612
-24.22612 -48.93502
-36.28305 -85.44925
-27.81962 -47.63524
6.53545 8.69365
23.08333 50.70059
66.00940 -23.84848
5.62272 92.36742
-12.99402 -53.90096
48.23542 47.31138
-2.99541 84.61373
64.90482 -8.45814
8.73255 84.49518
-11.03672 -52.18602
30.72729 104.16927
-123.01220 -32.03241
88.62111 -23.06419
-114.20438 -74.46520
-44.36413 -29.38368
6.66008 63.57169
-25.32371 62.30295
23.77445 100.05443
-10.49663 87.96979
64.47579 -8.48378
48.00792 101.33382
34.08870 98.53203
8.59940 -63.32106
-22.63045 -41.40311
-109.80251 -69.38295
-19.52067 -37.56778
73.03398 -16.50973
74.48129 -75.72234
-83.72988 20.16672
7.57321 26.67583
66.03585 -76.28543
30.23408 83.97250
-126.52022 4.87628
-8.93976 -51.16484
-31.40405 62.48774
54.26597 95.40999
-13.64344 -50.82342
55.67763 64.09447
68.80292 -32.44578
14.40237 -23.18501
-109.77320 87.50287
3.19646 -57.52947
72.15557 18.50819
58.60419 54.40508
-19.67624 86.03792
77.61981 15.70985
31.08426 39.52463
50.06900 9.89405
53.14674 -82.36683
-127.17230 76.70269
78.07893 -32.87251
-33.05597 -41.26285
-119.23004 -13.89248
67.78622 -27.57966
-98.19712 -85.92550
-29.18770 94.48905
-113.69144 -77.63725
11.98539 76.53094
79.39749 -31.94396
22.61846 17.47708
-61.64283 63.87846
28.59596 78.33203
76.82692 11.47255
-12.64606 -35.30265
-123.14256 63.76248
90.24076 -9.56318
87.82379 -14.40740
11.11517 -70.49133
84.47102 -59.69917
-104.95338 -83.64112
-125.38694 61.27665
4.86430 93.47102
24.39830 101.39538
-35.97399 55.78375
-121.87230 79.21167
85.68200 -29.57272
-70.12587 80.67324
79.43640 -14.32583
15.42857 77.93813
69.69534 -7.76318
-113.39643 90.17194
87.51149 -17.79403
41.74691 77.51799
65.63434 -24.67178
-65.33480 37.63198
86.37854 -15.35879
-1.55739 -7.26742
50.95026 36.32327
-64.37846 23.57221
-96.62779 -28.07404
72.10923 -35.54669
0.35062 -67.94600
-73.08418 71.96171
25.41779 -38.29797
76.90002 -16.50744
7.30121 65.15626
90.29263 -28.75209
-10.13656 15.22358
31.35347 90.77395
-25.00548 -19.67911
64.58941 -50.02192
27.90309 -32.80110
71.97264 -44.79328
-85.99584 -88.56450
-117.35424 -15.42275
68.89465 -70.03528
77.48170 6.70824
-16.30475 -78.39097
70.24650 -34.56763
-16.87034 96.52390
76.49012 -6.86367
-101.67636 -87.10500
12.06849 -60.66063
76.98101 -27.19808
56.87152 -81.05133
-99.99950 -89.03701
74.21830 -54.94734
72.94821 -61.85807
5.41157 102.28919
-104.36122 -58.11243
-138.06053 61.44783
73.37549 -37.50595
63.51197 -28.96494
-119.99875 -63.83936
59.44446 96.91807
37.32466 96.27566
39.73771 -28.58854
-62.08543 -90.07831
-29.67518 -20.87734
20.55701 -18.76234
86.81246 -22.19723
12.41572 103.76171
-103.47150 -93.20099
-92.34599 34.59252
70.64180 32.93863
19.34697 21.03494
5.02930 98.60661
44.46436 -44.51043
-20.36678 -9.55329
-105.08874 -85.76376
-51.16307 75.55819
75.65681 -31.74862
77.72974 -61.57594
58.88362 -47.06949
16.86546 52.88973
33.40574 90.86256
-113.49939 61.09113
-110.19152 -29.32069
95.59382 -9.17780
28.97827 2.33600
2.34052 91.50351
-0.13732 -27.27346
-0.31463 89.34941
70.22273 -76.77754
44.74436 -42.07734
-2.29846 65.68274
-2.91038 65.00918
-131.10524 70.22802
43.37499 96.97921
68.55156 -25.75837
64.22086 -10.68824
65.30376 -33.70758
55.38498 86.83236
-1.47850 -53.92533
-101.87302 27.95192
-96.56655 -65.98859
76.26810 -38.43615
82.18925 -0.16234
-9.53310 93.67033
68.60279 -66.63289
39.21945 91.42158
86.10918 -11.93163
-16.10520 -25.36144
-35.01196 -9.78373
6.83178 13.54080
-53.55663 48.05083
58.09367 -77.39730
-1.29761 -53.22532
3.76520 -50.03953
-27.77279 64.62545
-7.64397 14.95820
78.61217 -18.16661
28.09779 -2.70676
-18.35802 -52.41631
75.16661 -29.11188
-56.62856 71.04425
-89.31009 -30.67626
-29.71354 79.60605
-0.55710 104.79319
61.32818 -65.73461
74.18793 -71.66887
85.08938 -35.53589
73.63442 -42.25168
16.33632 91.40863
32.34389 56.89373
-96.85756 -83.19688
48.81827 52.85951
-56.29480 -63.99847
78.55529 -31.83967
55.01371 -22.16075
32.23338 87.41852
-19.16784 -25.34640
66.70215 57.56518
69.56784 -11.60685
-87.82220 -93.12424
-12.46226 -41.05583
2.59022 -49.64166
13.34560 111.07551
-118.08296 -78.76868
52.18669 85.76831
-128.71449 64.08662
-8.18779 -50.16025
69.08097 -22.59162
80.06708 -26.75524
-98.14156 52.62043
69.61174 -18.14274
-16.53727 -6.35405
27.23579 94.96070
13.20250 80.56470
27.03751 103.43857
52.89506 92.02255
79.73199 -6.67470
75.04780 -25.69521
62.19686 -16.00704
-92.82329 54.44346
71.12035 -29.62277
-20.22473 -57.79629
-123.44681 -59.73522
81.99048 -23.54233
4.94046 -33.57353
55.29438 -74.39759
7.76425 75.53141
11.31879 79.37800
77.65198 -11.80652
-8.70306 71.41058
-109.27756 -65.64831
-1.08824 -35.21352
9.29057 -71.16214
24.17192 96.54590
76.92063 0.92134
-21.32841 -48.20646
-13.89512 69.19414
1.61468 -36.30303
22.98484 -40.37103
-74.09820 48.96306
-21.06654 91.71905
67.09087 19.36777
87.30538 -4.46101
54.18863 -37.90198
-110.76535 -53.62156
-114.13946 -15.76970
76.32533 -26.81251
-63.84948 55.33456
-1.10347 87.86079
7.39459 106.96047
84.65192 6.34854
40.61739 92.89848
-89.49110 -84.06691
81.40777 28.00538
-55.88164 -68.75518
44.59789 29.25983
80.24157 39.48688
30.13654 75.44002
17.42766 -58.84793
28.31612 89.40862
71.84574 -13.78140
-27.42892 -51.15152
-124.80910 49.68747
-107.07960 -81.88738
77.78750 -14.46842
-3.44752 9.32231
-7.39786 -62.04979
16.24891 98.02547
12.82148 89.94691
75.23319 -3.38095
12.29453 77.23693
42.89223 87.01144
56.21558 81.78247
-85.33874 -45.48159
39.64537 96.10839
33.25753 -49.65378
-17.54198 -41.88316
-5.56460 -49.53820
-39.75785 -46.83372
9.55973 -37.31300
-36.59429 -38.71677
-115.15824 -61.97811
33.40755 73.95371
-7.12766 -41.53223
86.94223 -30.08818
73.87410 -6.78799
-63.89245 -82.84811
-26.31510 -63.63869
15.19404 -42.42582
-12.90634 -53.05322
-86.06640 -98.07812
28.15740 -39.80288
28.46300 -71.46403
-100.17774 29.68609
-0.26143 -14.96158
6.33482 101.95681
16.60264 102.53849
21.11209 108.43744
74.96254 -46.94900
74.95055 82.84620
-106.15783 -15.85397
6.93387 97.15454
-129.39488 64.43638
67.11977 0.45363
63.44751 -72.48494
-26.97749 6.34299
33.56419 63.02427
57.89766 -3.86807
35.42874 94.08073
19.71987 99.32019
79.59835 -10.73828
58.29795 -40.06771
66.76989 -6.82748
69.59359 -29.63113
10.31316 82.14237
73.00285 -50.27193
45.85190 1.82891
6.65917 -64.56691
-25.54447 95.94420
-90.27309 -78.58399
-57.25696 60.73320
-92.38237 -59.90662
44.42300 61.01299
-87.68745 -44.61426
24.38272 101.12454
-52.88857 -79.63380
-17.81384 36.98050
51.78414 -54.41569
54.17201 -40.31571
-21.50912 -46.94840
-4.35828 -16.51780
9.82920 81.19715
41.39473 3.74765
27.45478 -77.49973
-12.40988 86.37604
-79.65696 -69.75331
7.97612 98.96357
69.32386 -11.78613
11.73386 106.04983
77.93394 -38.26912
56.98000 16.84435
76.35882 -31.14357
-70.94827 -82.20307
-12.47206 96.93715
-70.89014 -87.31460
47.90585 -85.41080
57.36638 104.48062
65.82192 -24.39632
-16.03589 -60.39055
60.34856 -19.95548
64.34843 -29.77312
-42.91928 81.64595
64.94051 -35.07961
-114.79129 84.10865
-92.26552 -84.35870
-0.22248 -50.84715
-54.17615 -69.69829
7.72101 106.55046
3.63075 18.90712
69.33747 -34.13987
-110.51164 -96.15778
14.93837 107.29209
-40.69761 -59.93407
-2.13501 3.99176
-38.00769 41.96497
-108.57206 -54.83538
77.83296 -30.61771
-121.63882 -24.59733
35.22748 64.82562
-18.36138 -52.88308
-117.47756 66.85964
-118.48058 76.74598
-37.34982 -40.70440
-115.60650 -69.24068
78.19689 -7.55050
21.20999 -69.95274
-139.81418 49.33704
-110.74260 -40.49495
77.62065 -26.54686
-19.33741 -48.86893
64.01273 -22.31461
39.53962 94.94866
65.59715 -41.56032
-105.06208 -86.02632
-3.58620 -79.00008
79.75196 20.38138
22.21182 -68.90670
14.85101 105.69252
33.19039 -62.08930
-8.22218 -67.07156
-3.88239 63.84924
-8.62847 18.76298
64.21128 -5.39712
-3.74712 -41.42113
-100.53247 81.73730
59.71466 -29.48088
-0.75020 -58.46596
39.79727 13.32791
-13.25441 -64.60901
22.30855 99.98940
-64.00710 -80.50261
29.08331 23.54759
-111.90310 9.39391
-8.18556 -20.95217
72.42110 54.48329
70.42949 -26.59773
38.69222 60.11731
48.84247 -87.85942
71.49828 -7.28543
69.73549 -68.26958
57.36815 66.80270
6.49114 100.76515
62.32762 -77.47971
-1.88562 14.90891
-125.02944 -28.07144
-131.38821 42.83383
70.29158 -64.34791
71.07715 -17.99088
23.81378 102.53555
-15.73862 -50.59067
-116.05651 -70.73378
67.66030 -71.61410
75.15981 -37.12069
74.94512 -55.60579
27.23831 100.24411
-114.86579 -75.08481
-30.27562 78.84037
-9.44892 101.40902
15.72873 102.61287
28.94568 88.85381
-14.13981 -27.81121
46.60200 99.43758
25.55521 73.31640
5.29208 90.81759
-9.96666 99.70103
88.38058 -21.88135
80.62544 -11.16438
55.66724 -43.04603
-50.25651 -63.84606
54.71384 75.67446
-40.04564 -61.06916
83.71661 -32.09157
-111.02026 -78.36616
57.99791 -35.68922
-28.23424 90.48058
-76.07464 -2.98326
69.48583 8.97472
78.60623 12.73250
-33.42795 -55.73761
-38.02368 -33.37262
-53.80422 -42.88114
7.42737 83.64355
-5.09198 -61.29638
16.14203 84.22191
-3.73106 12.60100
23.30025 78.34186
-12.96729 -62.54527
-42.81973 40.50011
-58.26038 -70.87844
63.19060 -1.51994
64.47412 -54.49254
15.82730 87.72544
-14.49310 -22.81550
-79.49358 77.12360
-2.30013 -66.65182
-10.19125 83.19892
-76.51579 -80.77389
23.10050 67.25355
73.96962 3.25996
11.89111 92.53434
84.83826 -0.06011
-0.80523 -64.68973
75.11423 -30.44787
4.31218 104.58584
75.65465 -25.44413
-34.88660 -58.40702
44.78749 -86.63265
97.24107 -25.12093
3.67192 97.51841
8.77424 100.30981
20.32897 -54.90002
14.26761 108.41792
-30.88950 -32.87669
52.33905 -53.84629
1.05976 102.75871
11.64382 91.92408
-40.51545 -38.51874
50.20274 -25.95840
8.70750 102.90699
-22.30532 -47.72775
-10.13701 -6.93391
1.60898 16.06498
-14.66264 -33.28674
-37.44933 -4.65649
77.92434 4.92018
-93.67630 -94.75538
84.44582 3.30074
-121.65027 73.87498
-7.53908 91.44355
-130.03648 67.15979
89.53774 -51.63630
-17.28235 -55.94270
-121.32706 64.95431
-66.06687 -81.56504
-41.16034 -45.27993
36.61319 107.48075
-100.37013 11.30627
62.91862 -37.25756
-92.57731 -39.48082
-0.91048 -32.07588
21.16027 50.99975
-45.58981 72.10552
40.39446 93.74560
39.11162 87.52923
-97.10979 -94.83815
-25.01874 -47.63952
-13.62101 -53.70468
-106.49546 -65.08190
-12.72685 92.98720
20.60825 -37.01826
13.45435 -56.37409
-37.58522 79.62084
84.55036 -30.30169
9.58497 103.12102
21.79239 89.11884
75.15564 -17.51379
79.84471 -33.44430
45.82985 100.94380
-18.59570 76.85633
-110.17834 -25.60602
47.09914 78.78171
-37.08579 -39.69168
49.88002 102.99420
-34.20159 -28.35681
74.94436 -11.73738
40.03699 -39.66920
89.34129 -29.50962
-23.40994 -18.96892
-85.09355 70.64575
15.09867 -61.42971
75.53029 79.90012
35.19154 58.98077
82.17967 -32.77216
